"perm4.edges" <-
structure(c(1, 1, 3, 2, 5, 4, 1, 7, 2, 7, 9, 8, 11, 10, 3, 13, 
4, 13, 9, 15, 10, 14, 17, 16, 5, 19, 6, 19, 11, 21, 12, 20, 17, 
23, 22, 18, 2, 3, 4, 5, 6, 6, 7, 8, 8, 9, 10, 11, 12, 12, 13, 
14, 14, 15, 15, 16, 16, 17, 18, 18, 19, 20, 20, 21, 21, 22, 22, 
23, 23, 24, 24, 24), .Dim = c(36, 2))
"perm4.linecolors" <-
c("Yellow", "Red", "Yellow", "Red", "Yellow", "Red", "Yellow", 
"Yellow", "Yellow", "Red", "Yellow", "Red", "Yellow", "Red", 
"Yellow", "Yellow", "Yellow", "Red", "Yellow", "Yellow", "Yellow", 
"Red", "Yellow", "Red", "Yellow", "Yellow", "Yellow", "Red", 
"Yellow", "Yellow", "Yellow", "Red", "Yellow", "Yellow", "Red", 
"Yellow")
